1390391266131709952
1390391112347566081
1390390637829271553
1390388578740539395
1390384775953846277
1390384714708627459
1390384486920212484
1390383885263925249
1390383360925741070
1390383201835757571
1390382625035018246
1390379891179376640
1390378589607141384
1390376122626490371
1390375790328549377
1390374906811006978
1390370737253388290
1390365318695034881
1390365089052729351
1390364465145724928
1390363584098619397
1390361551702532099
1390355314046799878
1390354601858174977
1390352349382721543
1390351094312808452
1390349220880605184
1390347745609854979
1390347247670468609
1390346638921764866
1390344655624093705
1390344378934247428
1390061998398918661
1390344083495964674
1390343713319231489
1390343223365750786
1390070469521461248
1390340634553298944
1390340501379993602
1390338813172588544
1390338669282791424
1390338577041612802
1390337755226509317
1390333992331890693
1390333175726026752
1390331985915260940
1390331851114381315
1390282382616383492
1390331303271219209
1390331150351183873
1390330098302308352
1390329731497725955
1390328333397860361
1390327820279222276
1390327517421219846
1390326688089874432
1390326592573001730
1390326120654966788
1390324948284157955
1390324652984070147
1390322909764325381
1390322811189727233
1390322668663099396
1390084597464064002
1390321329161871361
1390321233598767104
1390080955365216257
1390319314931179522
1390317830160138249
1390316512846745604
1390316842019852293
1390316244600037378
1390315945873313794
1390315818676899847
1390157178955313154
1390315099999686661
1390314750102343680
1390313370621030409
1390313356125523969
1390310850502696960
1390312858869764098
1390312332543381505
1390310825680855041
1390310510613127173
1390308487398297601
1390308321173848070
1390300347986550784
1390307406865997829
1390307156159725570
1390307087574388740
1390305483840376837
1390304841994358787
1390303800397688837
1390301110339096578
1390300658105032704
1390300353858613250
1390299301444681730
1390299249896738817
1390299058900721664
1390298660693430272
1390297797493207040
1390297492055629825
1390296106920288256
1390069264242069505
1390295984165507073
1390295409952792579
1390293684147654660
1390292264614760456
1390291854185336839
1390291678003671040
1390291635678978054
1390291397950021632
1390291332816588808
1390288414788968449
1390287961321836546
1390094302416678916
1390287695595802639
1390285638906359814
1390150960346025986
1390285268704448512
1390285142803898371
1390284761407557638
1390284443101839365
1390282034233450498
1390117219741351936
1390281837650583557
1390281010156277760
1390280373326782465
1390280336282734597
1390278598569889792
1390278373516189697
1390278106729140224
1390276210857496579
1390274694482436099
1390274159037591553
1390274076053286912
1390272648123387906
1390272354106834958
1390270586467848193
1390269929451147265
1390267637289132036
1390267183352143873
1390266412191584259
1390266105474830340
1390264583647027201
1390264140304891904
1390257979652550658
1390258144425676800
1390256042991304706
1390254372043563011
1390251830488276993
1390250361592721413
1390249160142622739
1390248356698542080
1390246749768491008
1390077593450332161
1390245245040971778
1390244642332020740
1390242373779787776
1390240609642889217
1390239806530203648
1390237848784314368
1390232217750839299
1390228803394306051
1390226243124088832
1390215176100667395
1390209772620632065
1390209533151174658
1390207580899786752
1390203390584659968
1390059041641148419
1390202710868254722
1390200971578552322
1390197708829384704
1390196971693121537
1390194973925064704
1390006635381284869
1390194031565557760
1390040117042159620
1390191536974045187
1390191367058505728
1390189345345347589
1390186971876798469
1390185584652652548
1390184602292166657
1390124163243941896
1390183110197850113
1390182719376789506
1390080377251942401
1390081118075031557
1390182483996647424
1390182361434894338
1390181692841803785
1390181646838734853
1390180815305379840
1390180073081384966
1390179265816244224
1390115101152268289
1390179135411064838
1390178958197526529
1390178224840351748
1390178111069753344
1390177320384831491
1390177209567039491
1390176527611043843
1390174834794053633
1390173721319645188
1390166815695847431
1390173702256578560
1390172390487957507
1390171717792903173
1390170632026009602
1390137336474767363
1390169416973881345
1390169367904718853
1390168019851165697
1390167973604872198
1390167868705284100
1390167716733009921
1390167596801081346
1390166846129811462
1390166568961724421
1390165938062991360
1390165390232367108
1390165273404231685
1390164752165449728
1390159663526731780
1390162953941536768
1390162946563653635
1390162779257061379
1390162504312053763
1390161930073952256
1390161777883820033
1390161570043506690
1390013646474973192
1390008121989423118
1390161242023776262
1390008377321955331
1390008521127866369
1390009354900934657
1390008852515598338
1390008715739344900
1390013824107941888
1390161116282638336
1390160990906593283
1390159993484234753
1390159903336058881
1390159597579685889
1390158342958559237
1390079862707195904
1390158288306778124
1390119684125700106
1390158201031733249
1390157822843838466
1390157245808250883
1390156652968620034
1390156569745272837
1390155724601364483
1390155291396874242
1390155120680312834
1390153771632713728
1390153538198769670
1390153501460869123
1390152820234592261
1390152510518747137
1390152265143668745
1390152230196719621
1390151777446678531
1390151712413999106
1390151698564403202
1390151693778759684
1390150913092952066
1390150611195375618
1390150530970836995
1390150438809313305
1390150038677041155
1390148600513056769
1390149533557002240
1390149443148783618
1390149336391208965
1390149122615828480
1390148637037142016
1390148486587375616
1390148190343684097
1390147652633997317
1390147565572825088
1390147529593995265
1390147503803207684
1390147236429017092
1390144422306885632
1390146991443828736
1390146932165722112
1390146892412198914
1390146878600355840
1390146788401848332
1390145802664820739
1390145677997580291
1390145561081307138
1390145530974593024
1390145398115799042
1390145317215997952
1390145218868043778
1390144620399632388
1390144370775572481
1390144210389569538
1390143945640906752
1390143704682438656
1390143357108826119
1390143156272852992
1390142750012608512
1390142577471639552
1390142353839636482
1390142288031059970
1390142285728292869
1390142254795329538
1390142041955475457
1390096729001758720
1390141950079164416
1390141550508879876
1390141316282126343
1390140817134739456
1390140776806592512
1390140463743700992
1390140345644687361
1390140113234055171
1390139813463040000
1390139649444691969
1390139369449680898
1390139363829293057
1390139288021504005
1390139192320135168
1390139112469012489
1390118927783636998
1390139020601135104
1390138847581835269
1390138055844040709
1390137922192556043
1390137903347556355
1390137773030576130
1390137677593382913
1390044481899188224
1390137661361434626
1390137567610298386
1390137280237641738
1390137066172948482
1390137044115070976
1390136955011280897
1390136745941995524
1390136616862298115
1390136466324426753
1390136438994481157
1390136048177623043
1390134220803223552
1390136027759718400
1390135846536466432
1390135563903242241
1390135353823141891
1390135311263539204
1390135291764252676
1390135079951761411
1390135049790664706
1390135023983075329
1390134860640145418
1390134845255397379
1390134811780595712
1390134458930671616
1390134285869404160
1390134130780770307
1390134124313288708
1390049665761038338
1390133923452121091
1390133759027068928
1390133652147871745
1390133642647818241
1390133368998617091
1390133276807897088
1390133247535980544
1390133065574453248
1390133046658076673
1390132936159158278
1390132826452934665
1390132813073092615
1390132518742073347
1390132456959926273
1390132447891820544
1390132216978714629
1390132193574498308
1390132150469529600
1390132045263802378
1390132025227726850
1390132004738551818
1390131949260394500
1390131756452483076
1390131384514228249
1390131367577538564
1390084042482229249
1390131262459977731
1390130771306766338
1390130704009285632
1390130582001176587
1390130443467382785
1390130437738090509
1390130295513440258
1390129557005553664
1390129498646056970
1390129439971885057
1390129404169310208
1390129394245636100
1390125900096626692
1390129215039623168
1390129065223360514
1390128875955527688
1390128865889107969
1390128589497147392
1390128480877260806
1390128461793083394
1390040969840582657
1390128223539929090
1390128063824945158
1390127867216994305
1390127695174963206
1390127447673384961
1390127370158346243
1390127229317771264
1390126834017316866
1390126625916862468
1390126463970652162
1390126206952124418
1390126192456577025
1390126066145107968
1390126037783228417
1390125897647337478
1390125515592327171
1390125469362688000
1390125307596873730
1390125282615517184
1390125204605636609
1390125192484200449
1390125096090705920
1390125019431378944
1390124979946151937
1390124974325776385
1390124861423489024
1390124672159600640
1390124516395913218
1390124271897255937
1390123868308840452
1390123839527477250
1390123795151826945
1390123710321995779
1390123702583500801
1390123692676599809
1390123685495910401
1390123577211596803
1390123549533278208
1390123543350939656
1390123514859081733
1390123496982843395
1390123264488394761
1390123259753021447
1390123122934886401
1390123104458977286
1390122896006139906
1390010234115182596
1390122888968163333
1390122752896548867
1390122718264283142
1390122584172384258
1390122452592828419
1390014451315875841
1390122332321107968
1390122240054812678
1390122212091383809
1390122158647439361
1390121972147933188
1390121943089786887
1390121799732576258
1390121561357758465
1390121504772435971
1390121274039472133
1390121248525541376
1390121129667354625
1390120992970788864
1390120827732074502
1390120736807923718
1390120681543774211
1390120651936174081
1390120443282079749
1390120441218572288
1390120222917545987
1390120015068811265
1390119942004121602
1390119891232034817
1390119882524667904
1390119865739055109
1390119810713935872
1390119744989192196
1390119726655819778
1390119454370041858
1390119260035366920
1390119225822429184
1390119122193764355
1390119105789939716
1390119088249245704
1390108736644128770
1390118973241495558
1390118935505289216
1390118802474610694
1390118590708428803
1390118576011501568
1390118566201069570
1390118440539762691
1390118387829911559
1390118339457044481
1390118151535439874
1390118139183120386
1390118136725262338
1390117915568054272
1390117728657321988
1390117614404440072
1390117603939655682
1390117431809617922
1390117342248591362
1390117314310426624
1390117062480175106
1390116985296539651
1390116918946897929
1390116843692695557
1390116793927278595
1390116785165373443
1390116779775733766
1390116765892587520
1390116746695168000
1390116506177089538
1390116498740432900
1390116391529992193
1390116334097379332
1390116299460816898
1390116010309656578
1390115846605901825
1390115535627620358
1390115505042857985
1390115474202152965
1390115332602335235
1390115276943933440
1390114726693253121
1390114395368431617
1390114379513880577
1390114221170610176
1390113755283955712
1390113266396016641
1390008964121776131
1390114210240245768
1390022356303847431
1390114101016334340
1390113997614051329
1390113912750804999
1390113893398327303
1390113830064332801
1390113672878563331
1390113602766520322
1390113569262292993
1390113430925938689
1390113306480889860
1390113259555115009
1390113169746665475
1390113144920592386
1390113028826353666
1390113021180194816
1390112928834146304
1390112897464881152
1390112848353898498
1390112663921995780
1390112622960328706
1390112474104541184
1390112401253621761
1390112333817597954
1390112171032449027
1390112159556898821
1390112147531837441
1390083446064680962
1390111998810238978
1390111429940887552
1390111382054526978
1390111336139481088
1390111229843279886
1390111184838397958
1390111069167751169
1390110908513402888
1390047983865974784
1390110866914390018
1390110797716668420
1390110600907345922
1390110566652461059
1390110466563887107
1390110262578106370
1390110126015668230
1390110061276639241
1390109860407267332
1390109858146496513
1390109811971403779
1390109676545662977
1390109608082132998
1390109539295444995
1390109493363683341
1390109476234084354
1390109361285083138
1390109336584720389
1390109333665497089
1390109285963681793
1390108939791093762
1390096577721688066
1390108435061125120
1390063934347124737
1390108770647388163
1390108665768722441
1390108571057197057
1390108483043926018
1390108473430581252
1390108470469447683
1390108391964561408
1390108386583322625
1390108223303299074
1390108184782778369
1390107652731162625
1390070249832206337
1390006616385376259
1390107439853412353
1390107435923230720
1390107388322095107
1390107292125868034
1390106938168549378
1390106731636826116
1390106501797318656
1390106417345011713
1390104269794291712
1390106332708196355
1390106255960821762
1390106124414816256
1390105949613010946
1390105788102979585
1390105764627423233
1390105677553676288
1390105304227057666
1390105213965639681
1390105180285374467
1390105103387054086
1390090934327652352
1390090434496638979
1390091456166211585
1390101668734382080
1390105045522395136
1390102340867432458
1390089891388825605
1390104789434834946
1390104746065793024
1390104713992056836
1390104633058729984
1390104540700057600
1390104414288072704
1390104217977856004
1390104176047403011
1390104095403483148
1390104026201665536
1390103811138654210
1390103727411970055
1390103679403966465
1390103635799941122
1390103591252238337
1390103540736139266
1390040362580840453
1390103380249518082
1390103217351139333
1390103106894143488
1390103033829367814
1390103015395319812
1390102976623038464
1390102900223868930
1390102891902418944
1390102868326293504
1390102768581582853
1390102746410459136
1390102697743880192
1390102695323787269
1390102645021499393
1390102546136637445
1390011248599777283
1390102527459438592
1390049316841168901
1390102361918611458
1390102175230144513
1390102172667351040
1390102152337661967
1390096398201274377
1390102127884836865
1390102057001029633
1390102048184709125
1390102008477233154
1390101758790221830
1390101684374970373
1390101514564288514
1390101461162463234
1390101449795948545
1390101389590814723
1390101360901861377
1390101334230245379
1390101322159042561
1390101190868967426
1390101067820584964
1390100823133212674
1390100807102734342
1390100798336638977
1390100721106833410
1390100651951239176
1390100565926072331
1390100434640113667
1390100384207757318
1390034274984857612
1390100354486788099
1390100353572646914
1390100006506479619
1390099976404021248
1390099877389086720
1390099866689449984
1390099765354979336
1390099629816041475
1390099582135291909
1390099468633223170
1390099310805663744
1390099117486088194
1390099043783675907
1390098947088203782
1390098918655107077
1390098904385982465
1390096437648642054
1390098733350756353
1390098698424696836
1390098619865473027
1390098475350646784
1390098256072478729
1390098019375255561
1390098002224852993
1390097994251448323
1390097963297382401
1390097941902266373
1390097916098924544
1390097756753219586
1390097753674555394
1390097685139664896
1390096631626969093
1390097015128866817
1390097370520694794
1390097357870706691
1390097337553457159
1390097266690637824
1390097207823585281
1390096996040597504
1390096944878530562
1390096843921571841
1390096783662100483
1390096749805686786
1390096553742852099
1390096461786984451
1390096329725075456
1390096294283255808
1390096240625455105
1390060624252657665
1390096167166427137
1390095993060962306
1390095966548774915
1390095952472592392
1390095625983774722
1390095584019746824
1390095399009103875
1390095324279148544
1390095189889454085
1390095186341007360
1390095152979525635
1390019799565180932
1390095065436106755
1390094924507385864
1390094918291492866
1390094820593573891
1390094767216812036
1390094710560198657
1390094454682488833
1390094332951150595
1390094172380598273
1390093961889390601
1390093922844749829
1390093898198945794
1390093815617294340
1390093711812485125
1390093673568817155
1390093662235811841
1390093300548444163
1390093220126896128
1390093172341084162
1390093163977654275
1390093062349721605
1390092981370249219
1390092917306499076
1390092888512598018
1390092866010091527
1390092835307806720
1390092821013671938
1390092643636555776
1390087521124720643
1390092629598220301
1390092501508366336
1390092265314422785
1390092231726583815
1390092228744339460
1390092120908865536
1390092115208806411
1390091867522543623
1390091829819838466
1390091774392143880
1390091668192366595
1390091658675507202
1390091653692772355
1390091645442424832
1390091559677407243
1390091548172374024
1390091428177584131
1390091235826749440
1390091207838244864
1390090946595991559
1390090908599824387
1390090789510803459
1390090769428537344
1390090687182516224
1390090654911537155
1390090616848228357
1390090535377985542
1390090474711617536
1390090349364891651
1390090339843780608
1390090106267217922
1390090082825220097
1390090060826124291
1390089850074894337
1390089603013648387
1390089494100123656
1390089464043745283
1390089401485729796
1390089267863457793
1390089164171800577
1390089098363342848
1390089089584599042
1390088904649347072
1390088751267844103
1390088724885688322
1390088715897290753
1390088703561895945
1390088679910256642
1390088658741604357
1390088636738248705
1390088264799985664
1390088219748757505
1390088191223508994
1390088099259207691
1390088068426870786
1390087939938562054
1390087915557081092
1390087859919638528
1390087621028761609
1390087512799039491
1390087422386397184
1390087315939336193
1390087042122620928
1390086826971516928
1390086818557792259
1390086816762638337
1390086800408973316
1390086225395060737
1390086534087548932
1390086512813948928
1390086329623580674
1390086328193359872
1390086320375181312
1390086228423364611
1390086181673705473
1390086008830631942
1390085889691308034
1390085882745606146
1390085816656007169
1390085803452293132
1390085730685362179
1390085709709578241
1390085623017521158
1390085583356190725
1390085496450265090
1390085491094081540
1390085483825405952
1390085404376944643
1390085307391938563
1390085259350482949
1390085239846940678
1390085219110240259
1390085146574004226
1390085064592171013
1390084932064714754
1390084931599192068
1390084867568902149
1390084725545574401
1390084722018160642
1390084635338608641
1390084576748478466
1390084520863485957
1390084028351586309
1390084480740872198
1390084426625912838
1390084403074842633
1390084393729986562
1390084356241297410
1390084181175189505
1390084084177805313
1390084047133630470
1390083970654691328
1390083841721868295
1390083636851060737
1390083624867860481
1390083587714666499
1390083551748628480
1390083549223604226
1390083481515008005
1390083379220078594
1390083366914076673
1390083310773211139
1390083258419798016
1390083121173958657
1390082948528054279
1390082823936253961
1390082821767761921
1390082708517310464
1390082664447762432
1390082452589264896
1390082384712843264
1390082266966134788
1390082202784997376
1390082154156208137
1390082139144683521
1390082133180432388
1390082092382310400
1390082059499081730
1390081985712955404
1390081924258013184
1390081677750382594
1390081616572264449
1390081560515330048
1390081540516990984
1390081319380688897
1390081284001701891
1390071138559139842
1390081140913065985
1390081064090091525
1390081200656683011
1390080840487604226
1390080700066537483
1390080635042246658
1390080605489176577
1390080566419206150
1390080229851504645
1390080227116736518
1390080091250733056
1390080068429533186
1390080042974208000
1390080005334573059
1390079995020812295
1390079994806906881
1390079891253743619
1390079890104504320
1390079615679537153
1390079468841181188
1390079413941850114
1390079342055759872
1390079249319665666
1390079239748083713
1390079235776188417
1390079152313753600
1390078881814786048
1390078693301706756
1390078472584941570
1390078399868243968
1390078045042749448
1390077949626523650
1390077899387150341
1390077839135887364
1390077800124661762
1390077710630797317
1390077698685378563
1390077427213340676
1390077406975873030
1390077330513666049
1390077298280259584
1390077084387594243
1390076864958537729
1390076565040635904
1390076349608599552
1390076205563580417
1390076180372590593
1390076129298591749
1390075927141437444
1390075782937067520
1390075682173095936
1390075488421531656
1390075442812661760
1390075094328922113
1390075006223331330
1390074994793885699
1390074984127680517
1390074848685199361
1390074759795326976
1390074755466907650
1390074646092034053
1390074556036100096
1390074262262853633
1390074198412890119
1390074167786156032
1390074038618312705
1390073980464386052
1390073966560174084
1390073957135622145
1390073919869263872
1390073810162946055
1390073713882710023
1390073693997576197
1390073608953679875
1390073467278606341
1390073394515824641
1390073386030731264
1390073346839175168
1390073287703662598
1390073267596185608
1390072997856387086
1390072964662669312
1390072933083721731
1390072735959764994
1390072703130951683
1390072655399702533
1390033316347318280
1390072645907980289
1390072636449959942
1390072618913501189
1390072504308441092
1390072326520254467
1390072291355148288
1390072212305154049
1390072149126393857
1390071987511365633
1390071690768568322
1390071510212169732
1390071499441254404
1390071274840502274
1390071240187076608
1390071194234281985
1390071124197736448
1390071067562192897
1390031483075629056
1390070805854363650
1390070783993593856
1390070740024807424
1390070583979806725
1390070555873775617
1390070359790178306
1390070311488458757
1390070133327020034
1390070061533122561
1390069889038159881
1390069873804521475
1390069674298195971
1390069559680544777
1390069270831276034
1390069219610533894
1390069131181953025
1390069117533659138
1390067540899020800
1390069019995160577
1390068947270176768
1390068934464966661
1390068877699162114
1390068793041428482
1390068729954902019
1390068714964496384
1390068636283441153
1390068525901905921
1390068354120097792
1390068258594754560
1390028037450653696
1390068248192901121
1390068182115917827
1390068151874985987
1390068034216337410
1390067973122035714
1390067921116934145
1390067739755229186
1390067485949546496
1390067483256791042
1390067362423087109
1390067182470639623
1390067097745518593
1390066994209230850
1390066843361099779
1390066763056943107
1390066469581561859
1390066418905923589
1390066379383005187
1390066214458822657
1390066141473775621
1390066110649839620
1390066105591517186
1390066061740023809
1390065915753111556
1390065595933204485
1390065445542277121
1390065409701908484
1390065369793142784
1390065217019711490
1390065209386147845
1390065110207582210
1390064644719513603
1390064606232694790
1390064550867873798
1390064491883339778
1390064447415328781
1390064071291047937
1390064064320073731
1390063958833385478
1390063739777470464
1390063703488335877
1390063607958880262
1390063602116202505
1390063447623315460
1390063364844539905
1390063336243568643
1390063212280918023
1390062926464159751
1390062781433536512
1390062719416422400
1390062507553853448
1390062478705430528
1390062307502342145
1390062298375598088
1390062257611096072
1390062177856499716
1390061481950130179
1390061744928735236
1390062086340894723
1390062081383223299
1390061989540646914
1390061763710889985
1390061472613535750
1390061459393101826
1390061004516626437
1390060769081970688
1390060744155275265
1390060710303084545
1390060601410564096
1390060572071403520
1390060425170014213
1390060230705307656
1390060224061509642
1390060088023523334
1390059780916588548
1390059615556091906
1390059358017425413
1390059242455961603
1390059085110956039
1390058959491448832
1390058953183318016
1390058942190039042
1390058923370196992
1390058903921123338
1390058801416613891
1390058699180417025
1390058112766418946
1390058077202825216
1390058072010334213
1390057821622972417
1390057807333019653
1390057751024390146
1390057654190551041
1390057159329607681
1390057041826304007
1390056977766748160
1390056970531581959
1390056932208152591
1390056907348512772
1390056563713400834
1390056384155226114
1390056294661464064
1390056259261538309
1390056246561185800
1390056011743080451
1390056001013960707
1390055990784036868
1390055936706981892
1390055822005178372
1390055730229612545
1390055598411194373
1390055490588139523
1390055330495799296
1390055281292451844
1390055204398276610
1390055096579395586
1390054937221111814
1390054899099045892
1390054592587632640
1390054399536422917
1390054358310481921
1390054247014748161
1390054215897206790
1390054210465583108
1390053958874435601
1390053924380491777
1390053790590537732
1390053787818205184
1390053626748542983
1390053466790416384
1390052826030780417
1390052812915150854
1390052812709564421
1390052572367671298
1390052135581200384
1390052130485063688
1390052023098384389
1390051863320530946
1390051750070063109
1390041115328487432
1390051549221634052
1390051521409298437
1390051511422627840
1390051266106122246
1390051241967996932
1390051058920087553
1390050908042629123
1390050819219853313
1390050685375418374
1390028268917641222
1390050521659084807
1390050354952384512
1390050289672204292
1390050252812476419
1390050239818706946
1390050215411945475
1390050213323321347
1390050193119268866
1390050080384765953
1390049806320558084
1390049805641162755
1390049763492499475
1390049721230708739
1390049667468218371
1390049562711187466
1390049373724237832
1390049332448141315
1390049108631580673
1390049056790097924
1390048876506370050
1390048841886482432
1390048789147303940
1390048763444613120
1390048560054366208
1390048524352503816
1390048515405930498
1390048281435295752
1390048137163771905
1390048128137580557
1390047911086596097
1390047782220795909
1390047552175853569
1390047524292108288
1390047337267949573
1390047221366894594
1390047189183967242
1390047140609773570
1390047111685623809
1390047063992279041
1390047016252809219
1390046947076149248
1390046910396911625
1390046899609247746
1390046581836206100
1390046526727147530
1390046465490292736
1390045914899824640
1390045763489521668
1390045695588057090
1390045685450301441
1390045658103619586
1390045635760492553
1390045580206952448
1390045576192987149
1390045268872097792
1390045200135954438
1390045058452410370
1390045024914640904
1390044842835783689
1390044702716616716
1390044619958800390
1390044608017612808
1390044300264853507
1390044236012212234
1390043859674087430
1390043773015580684
1390043745643638784
1390043721920565251
1390043647329062916
1390043595214835717
1390043565942771712
1390043400917954561
1390043371670999041
1390043200497373184
1390043064710967296
1390043009505497092
1390042977376956418
1390042677245366272
1390042545489645569
1390042465617514507
1390042437171679236
1390042169092759557
1390042055339036682
1390041924220956676
1390041864313704455
1390041853597261829
1390041791425130497
1390041563040935936
1390041523027386373
1390041347726446592
1390041323487612932
1390016371333996548
1390040995102928903
1390040801032429573
1390040559943917573
1390040090580246531
1390040080375435264
1390039851064516615
1390039620017139720
1390039591730782208
1390039269398429696
1390039198149787654
1390039136556384256
1390039132987080711
1390039128557989894
1390039098199584772
1390018948062715904
1390038970881429509
1390038892590546955
1390038837938774022
1390038749908701185
1390038640068280321
1390038505586405376
1390038455426633734
1390038430516760579
1390038428507586567
1390038287021191175
1390038217555054593
1390038081630265349
1390038064500809735
1390037812410523651
1390037735109537793
1390037642755158024
1390037596718387201
1390037396406874122
1390037386244071425
1390037370121113600
1390037314915737602
1390037308049543170
1390037130211176456
1390037078340161539
1390037050963935234
1390036908454129667
1390036890670280705
1390036870155980804
1390036854423138305
1390036793085542400
1390036765248040968
1390036731404161027
1390036656707751938
1390036497236172802
1390036376729657346
1390036366982094849
1390036291312517122
1390036039553716229
1390036000525651970
1390035984117641218
1390035583301562369
1390035568629743616
1390035454175727616
1390035242203942922
1390035211472232451
1390034909540929537
1390034766452428807
1390034352763985934
1390034294228271114
1390034249710018567
1390034207460708356
1390034165664468999
1390034157103894531
1390033992838270976
1390033940698877952
1390033883362734080
1390033873074065409
1390019233921310727
1390033851699847176
1390033828853465090
1390033797857558543
1390033673358032897
1390033535684288513
1390033530990829572
1390033500825391108
1390033316783472647
1390033185396953088
1390033095638781953
1390033009001340934
1390032988558307341
1390032943150665731
1390032719053262850
1390032665395531783
1390032446687694854
1390032386231083010
1390032299337654276
1390032286444359680
1390032227908661250
1390032194341679108
1390032164343975941
1390026301831106562
1390032132089733120
1390032122291834882
1390032074921369604
1390031916615749634
1390031803055054852
1390031705159962629
1390031629750620164
1390031586746421253
1390031486322102272
1390031347759079426
1390031216385003520
1390031206755016713
1390031147187458052
1390031062827507716
1390031059258155015
1390031044880084993
1390030977259524097
1390030935685468160
1390030913837453314
1390030821491417088
1390030765744922631
1390030514204155914
1390030194224680963
1390030074787807237
1390030010342330370
1390029964787998720
1390029672369504256
1390029640480301063
1390029556963291143
1390029504870068233
1390029451774337024
1390029230029819914
1390029223964942340
1390029091680800775
1390028759500312580
1390028705955733508
1390028703883841537
1390028694958354442
1390028199590043657
1390028162088714241
1390028163833597954
1390028144313253893
1390028142664896512
1390028109135613952
1390028093444734976
1390028090466873351
1390028049173946372
1390027934421983234
1390027887844241408
1390027884794896392
1390027836887601164
1390027587095834626
1390027563070853128
1390027402680676364
1390027330903584774
1390026917399699458
1390026871002304519
1390026812923723779
1390026753494618119
1390026720640634884
1390026631821991937
1390026582962618370
1390026373599834117
1390026266393391110
1390026179223171072
1390026034209333252
1390025815551840256
1390025741266530309
1390025733213458437
1390025450488012803
1390025176079798275
1390025002364325888
1390024871267155971
1390024759019192321
1390024684637413378
1390024658880286721
1390024638852370432
1390024500490690561
1390024312334266369
1390024107849183232
1390024086311538692
1390024077755043841
1390023924432482311
1390023696434274305
1390023530150973444
1390023393865617409
1390023241297707009
1390023215129534471
1390022713587154945
1390022425270751236
1390022421651103745
1390022392022507524
1390022310682300416
1390022200938348547
1390022169154015235
1390021923879493636
1390021686339284995
1390021529652580354
1390021493204176905
1390021393442562050
1390021370545950724
1390021247082319877
1390020967418765313
1390020956068974596
1390020884195430402
1390020774027833349
1390020716758765568
1390020626103115789
1390020590128537602
1390020374717517839
1390020313421844480
1390020221742764033
1390019904888348673
1390019826584801281
1390019220243681283
1390019177646329856
1390019167256993799
1390019158394425346
1390019127302098946
1390019070712483841
1390019058028908547
1390018977225715714
1390018881243189251
1390018841397313537
1390018831112880130
1390018732068638721
1390018643614908423
1390018604956069890
1390018581870559243
1390018562841010183
1390018401406537736
1390018230933204995
1390018115249995778
1390018056542474240
1390017769308135432
1390017751020879880
1390017743089451013
1390017197842567171
1390017068825784320
1390016849937633285
1390016637970100228
1390016625286516741
1390016480717180932
1390016380334870528
1390016354279899142
1390016164240187397
1390016033973493760
1390015990319226882
1390015886057164801
1390015734848245762
1390015673099853824
1390015175185551362
1390014954388951043
1390014893471019010
1390014881777258496
1390014796372889602
1390014761165856778
1390014742782222339
1390014610326138884
1390014305110745091
1390014151548968962
1390014115226210307
1390013594687967238
1390013563264196609
1390013312067330056
1390013208791027721
1390012936161222660
1390012792657297412
1390012714999758858
1390012691247505413
1390012508019302401
1390012412632473605
1390012411122442242
1390012410786942981
1390012317040103426
1390012307795849224
1390012245007081475
1390012110285967362
1390012004027572233
1390011663332618242
1390011558999298051
1390011345958055941
1390011283060240384
1390011148066557952
1390011048367902720
1390010951424831491
1390010529465479169
1390010423337013248
1390010291166097408
1390010267543691266
1390010120797556736
1390010076086292489
1390010064526790656
1390010013846999050
1390009981139816448
1390009974701559811
1390009830199410690
1390009589458952199
1390009547570434057
1390009336492138500
1390009317332488194
1390008609711476737
1390008559925174274
1390008500424781824
1390008469449760771
1390007769516765191
1390007741675081733
1390007671768502273
1390007626688249857
1390007615975997449
1390007503182782476
1390007491476471813
1390007306910306307
1390007138764959748
1390007078685749248
1390007054501298176
1390006974167896065
1390006907432275968
1390006844769415177
1390006747474055169
1390006702309785604
1390006685209710598
1390006685155139589
1390006344053403651
1390006299795070979
1390006258032386049
1390006146652688394
1390005852812333060
1390005825801007107
1390005642165882886
1390005365325041669
1390005328134217734
1390005307603042306
1390005288653185025
1390005265165078531
1390005089402818570
1390005057068937219
1390005041470349319
1389943970986344457
1390004999510495233
1389933340283662338
1390004988387201029
1390004976546717702
1390004859307446274
1390004722799718406
1390004606718124040
1390004454766874626
1390004036636610564
1390004036297007106
1390003941396656134
1390003896412561409
1390003875785158661
1390003852062101504
1390003828918001678
1390003338394185728
1389967735103361024
1390003281859072004
1390003222572670979
1390003194210705410
1390003015478878219
1390002943911419905
1390002921723633669
1390002718572310531
1389935134309113865
1390002599319904260
1390002507225702412
1390002503706718211
1390002363600183303
1390002247694700546
1389989835788718086
1390001997064118276
1390001555273834496
1390001532662341633
1390001375514398725
1390001194337177602
1390001094990893056
1390001073151217673
1390001023629017093
1390000834033881099
1390000762579824640
1390000709156880390
1390000638386491404
1390000389639053314
1390000317031493632
1390000315399905283
1390000272366256129
1390000170092335108
1390000148965515268
1389947999657230336
1390000144133804035
1390000096339709952
1390000086063718402
1390000039544737795
1389999951061606402
1389999858329833476
1389999796279259137
1389999736762011652
1389999725340991497
1389999702255546371
1389999538249814016
1389999511053942784
1389999437620158477
1389999396914442246
1389999177061576715
1389999091661299714
1389998843387842566
1389998750035156992
1389998680174891009
1389998669462650884
1389998563602673675
1389998547244834816
1389998468786163714
1389998357792296960
1389998286208217088
1389998280633774080
1389998264104243206
1389998237843697666
1389998192054444035
1389998171791765506
1389998161092136962
1389998156381782020
1389998074001510406
1389997889028509696
1389997835718995975
1389997702402957313
1389997487025442820
1389997455236812808
1389997375863808000
1389997326698225665
1389997164068286466
1389997111719170053
1389949422289788935
1389997036905316353
1389997031196958725
1389996947541536775
1389996604799832065
1389996430933348361
1389996171951812608
1389996159419232257
1389996012589260804
1389995826777313281
1389995820360028160
1389995446358118401
1389995379597451269
1389995374518149123
1389995326535254018
1389995184490954753
1389994874146103301
1389994853325545472
1389994815102898180
1389994747121524738
1389994736228859909
1389994602476838918
1389994242362195974
1389994228885950465
1389921417588842498
1389994159008854020
1389994139006214145
1389993981052809219
1389993731999387655
1389993592039616516
1389993528961470465
1389993516785405952
1389993376011927560
1389993364779589632
1389993304201342977
1389993262593761282
1389986229307863040
1389993193748508673
1389993043755999237
1389992982854742021
1389992840328097796
1389992755871485955
1389992668302921729
1389992635524390912
1389992327016591367
1389992307710103556
1389992305885601797
1389985372474527744
1389942142018093056
1389992301787811847
1389992256816521222
1389992223178174466
1389992215745794051
1389992124028948480
1389992065732431874
1389991958651850752
1389991730251026432
1389991703172501506
1389991604199600129
1389991599040516101
1389991545970073602
1389991379233697793
1389991333868285954
1389991230302474244
1389991163382304768
1389991128523591682
1389991118591471617
1389990988047917065
1389990983350226944
1389990806027706376
1389990790068330498
1389990732891557895
1389990670081921024
1389990616164151303
1389966114311053313
1389990602541043713
1389990537910947845
1389990446663938051
1389990269064519680
1389990287603343365
1389990286835781634
1389990266581528577
1389990260428349444
1389990108225544192
1389990057822588929
1389990057638039555
1389990029511077892
1389989965262622720
1389989958438502402
1389989937559314434
1389989871889047561
1389989858937036802
1389989805426188294
1389989561523220482
1389989546394259459
1389989487049121800
1389989301304311809
1389989303812493312
1389989300981444617
1389989262666371072
1389989093162070016
1389988943534379010
1389988910168690688
1389988801443946497
1389988720829468673
1389988461827006464
1389988457154555905
1389988394613235723
1389988350363410433
1389988265235779587
1389971520726970373
1389987876574797827
1389960879257444358
1389987711742775297
1389987632256593926
1389987606142750721
1389987575281115137
1389987572957450242
1389987543119171591
1389987461816799235
1389987429319315457
1389987379172110338
1389987202797641734
1389987145004331011
1389987091019337730
1389987078855962631
1389987013701537797
1389986817596960771
1389986765553930243
1389986745542905856
1389986580572561410
1389986575145213952
1389986563476443138
1389986393229832196
1389986347935576065
1389986307808579585
1389986189239898127
1389986160932499461
1389986032922288133
1389986020649746432
1389986012424818694
1389985997677543429
1389985767351623681
1389985490724474883
1389985419379585025
1389985412018548736
1389985381475655681
1389985311955079168
1389985262336417802
1389985178274213892
1389985114504011779
1389985012112580610
1389984988066586626
1389984985290055682
1389984856025800704
1389984848547307532
1389984674588545027
1389984668909506564
1389984662408376329
1389984659942084608
1389984497937027076
1389984376008630275
1389984312641081347
1389984134274162693
1389984120105848839
1389984051495329793
1389975780369764354
1389983928094797832
1389983805025488898
1389983767805181955
1389983754538586123
1389983708216705030
1389983628197773314
1389936345494261771
1389983577455136782
1389983532798382086
1389966490212999176
1389983317097914369
1389978453269786628
1389977786564104195
1389976948106047493
1389977453536419840
1389976320424169476
1389927589083590659
1389983191478513667
1389983129859989509
1389983082627862534
1389982827425456137
1389982724925108226
1389982686438113285
1389982616686845953
1389982581140201475
1389982574253125633
1389982423237238788
1389982375296344067
1389982123357085697
1389982114481836038
1389982103362736133
1389981939499687938
1389981931606056967
1389981847178842113
1389981823741140996
1389981735786586112
1389981570598117379
1389981513383661574
1389981434434162692
1389981388397588482
1389919545968766976
1389981289537757186
1389981183677767697
1389981036914909190
1389980903259185155
1389980840839503873
1389980796421910533
1389980744047636495
1389980545753436163
1389980419320422407
1389980323820285954
1389980318443188228
1389980255029534727
1389980254832406530
1389980193368985603
1389964959317176321
1389978226534100994
1389980072078200837
1389980066973683714
1389980058429833221
1389979965324775436
1389979714715009028
1389979700714516482
1389979619630145541
1389979607114428418
1389979564491825160
1389938735941398532
1389979486544859144
1389979466525462529
1389979454068379648
1389979407813599233
1389979368060067847
1389979300938530817
1389979245678575620
1389979209938857987
1389979208395395075
1389978966702821382
1389978912327884803
1389978905705164809
1389978739732267017
1389978472869683200
1389978439025926149
1389977075956817923
1389978363717165058
1389978295593316352
1389978036582354950
1389977855241723905
1389977761708711936
1389977561116053506
1389977421483544579
1389977418031632393
1389977282438123528
1389977180315299854
1389977123608305665
1389976976623120385
1389976879327764482
1389976852647878665
1389976726831259649
1389976596258377735
1389976554692698114
1389976348551090176
1389943529896562693
1389976185426284551
1389976132729065477
1389976009676632065
1389976002403635205
1389975808966635526
1389976000474320899
1389975737726214151
1389975704461324302
1389975596755832833
1389975555253145605
1389975549267922951
1389975545434284034
1389975501884776449
1389975489838784515
1389975445165256704
1389975429491081227
1389975418036498433
1389975376538001414
1389975360780083205
1389975303410356232
1389975270564708353
1389975249261928453
1389975214562308101
1389975081481379841
1389975073843556352
1389974599002202116
1389974463802970120
1389974447826817026
1389974326737317896
1389974254729535493
1389974238015131649
1389974233737007107
1389974230117277696
1389974232474468356
1389974115575123968
1389974023870631938
1389973938567012353
1389973916291059714
1389973757456957440
1389973737919897600
1389973512434106369
1389973203309809664
1389973197794250754
1389973147110166532
1389972825893744643
1389972821858689024
1389972815751925763
1389972760697393156
1389971195542519811
1389972702857990145
1389972692317753345
1389972540945313800
1389972445931638790
1389972434305028097
1389972377249927169
1389972348904873989
1389972325861400577
1389972162740641794
1389972088681861121
1389971890907779074
1389971861405061121
1389971759328202755
1389971710078763008
1389935421367406604
1389971545422958599
1389971514032889859
1389971499071725572
1389971474405109762
1389971408915214341
1389971050637807622
1389971013979496452
1389970974939000834
1389970970895654913
1389970397324578820
1389970892176887808
1389970784043536386
1389970482749976580
1389970364315340809
1389970258493050885
1389970242865139714
1389970214519906304
1389969995342434307
1389969898181439491
1389969873514770436
1389969723060858884
1389969641234128901
1389960133078355970
1389969577031897089
1389969569884872709
1389969379857768452
1389969295896162305
1389969210701398017
1389969107936817152
1389968957080227845
1389968795817631745
1389968644533374980
1389968417491464193
1389968578384904195
1389968279893065728
1389968216986947595
1389967971020324866
1389904582671745025
1389967938325786628
1389967900392493057
1389967438947655681
1389967844142723080
1389967744343461889
1389967724781182981
1389930309479804932
1389967383750643716
1389967357200711683
1389967250124324867
1389967123171139589
1389967031479459847
1389967018946871301
1389966926005346306
1389966714444595201
1389966517484281858
1389966466317963267
1389966377889550344
1389966198377484289
1389966142345711620
1389966111731486726
1389966040260562946
1389965969695596547
1389965936833097729
1389965906554630154
1389965651125669902
1389965551464853507
1389965502290792456
1389965132088979456
1389965059649163267
1389964929063600131
1389964923179081731
1389964899527315457
1389964860709081090
1389964846670794753
1389964836625424387
1389964811430096901
1389964800093048834
1389964792627142658
1389964774272819203
1389964603610836996
1389964515689836547
1389964303604797441
1389964225569771524
1389964110285221892
1389963969209815044
1389963935214866438
1389963920216055820
1389963899307446275
1389963766989737986
1389963617773178880
1389963506460594179
1389963480514564098
1389963227329662980
1389963201866051585
1389963028993646593
1389962953953366018
1389962859543736323
1389962846025441281
1389962810151641090
1389962802136330242
1389962684150566912
1389962561534234628
1389962427492708353
1389962154355437569
1389962006728433665
1389962005667274755
1389961953599176712
1389961871231537155
1389961852856279040
1389961773550350341
1389961752666849280
1389961693002878976
1389961571141574657
1389961528888152064
1389961504036990981
1389961298998439939
1389961184670007306
1389961179267747842
1389961148225687553
1389961138167820288
1389961128642494468
1389961092709892101
1389961080626163714
1389960912027754498
1389960765520687105
1389960658427465734
1389960582707752962
1389960502579765248
1389959477194022913
1389960477082591236
1389960380361986054
1389960198379409414
1389960073343012867
1389959960361148416
1389959958670741504
1389959819512225797
1389959792714829824
1389959725358501890
1389959622446956549
1389959594991095808
1389959585218367488
1389959346608615425
1389959307358351368
1389959215926628355
1389959122364284931
1389959116785963008
1389959076067565573
1389959045071704073
1389959004701483011
1389958859842899969
1389958786975154178
1389958750061072387
1389958731711012864
1389958668033142787
1389958574831460352
1389958433303146503
1389958403594797059
1389958360120844294
1389958263966289921
1389958221587271683
1389958040909238275
1389958022559150080
1389957856280076289
1389951470963933185
1389957689648820228
1389943641993527303
1389951027995152393
1389957627363401732
1389957552356696070
1389957512191889410
1389957500812677124
1389957292146241543
1389957215998693376
1389956433534390279
1389957051762151424
1389957050461995008
1389956873554731009
1389956811667689476
1389956663017345025
1389956302307303425
1389956297513185281
1389956200482152452
1389956182123728897
1389956180571734018
1389956100464824322
1389956066117668872
1389955922185818113
1389955894683832320
1389955808562122753
1389955770545025026
1389955648025251840
1389955543964418048
1389955518278549504
1389955405783216136
1389955352448446464
1389955195782803461
1389955012814647297
1389954530373218307
1389954282091319302
1389954266564022274
1389954118282842115
1389954108212326400
1389954059877109764
1389953943560720389
1389953911994322946
1389953728430624771
1389953692544212993
1389953670830243845
1389953657328779264
1389953563690999808
1389953343225745412
1389953290822115330
1389953249969467394
1389953230256451584
1389953227001634823
1389953052359135234
1389952972411580420
1389952758913056772
1389952744295829508
1389952663786336259
1389952598971715588
1389952587751960578
1389952579946360838
1389952500539797507
1389952363616669699
1389952282695962625
1389952266426372099
1389952017284620289
1389951895981240320
1389951875739525126
1389951833381212164
1389951744923291649
1389951686383448067
1389951611754196992
1389951548004909056
1389951394036305930
1389951369923149829
1389951355721224193
1389951204202098692
1389951138418540549
1389950907530481664
1389950884344389632
1389949938159788033
1389950879512600581
1389950871673442304
1389950688717848576
1389950627397226498
1389950580601282579
1389950576658731021
1389950419829465088
1389950412040642562
1389950326153879556
1389950273964154881
1389950107618058240
1389950058754363399
1389950036151209985
1389950007630082051
1389949973819691016
1389949966014091270
1389949796862107651
1389949746811441154
1389949664393318409
1389949560341114880
1389949537721147392
1389949404023459845
1389949311811821570
1389949213048516617
1389949044131237889
1389948768766898181
1389941492333088768
1389947285858045957
1389948749225631746
1389948704912773123
1389948646460960770
1389948625741094915
1389948516756336645
1389948473210986497
1389948369259438086
1389948280369557506
1389948280340090880
1389948239449890817
1389948075649773570
1389948028761563143
1389948018355544065
1389947946855243779
1389947753011220480
1389946976314220546
1389924263717740546
1389947570659672200
1389947559515496452
1389947309744697355
1389947156950310917
1389946762648072196
1389946722676269058
1389946594301292548
1389946577154887691
1389946269641158659
1389946168155705345
1389946150439079939
1389946147985317891
1389945998731010050
1389945991755935753
1389945782766342147
1389945688948097025
1389945626402643972
1389945466419298306
1389945308776386565
1389945289180651521
1389945258054758400
1389945233664843784
1389945215180591111
1389944983470362624
1389944788917624836
1389944644910436356
1389944458343505920
1389944454040195083
1389944379436146693
1389944166499631104
1389944107645247493
1389943992230547462
1389943927722188800
1389943855647281152
1389943787577823235
1389943713519050753
1389943700529221634
1389943658305232898
1389943516734885890
1389943387940442113
1389943373243600896
1389943216724664323
1389943213339906050
1389943199414865929
1389943164593709058
1389943103134605316
1389943067810148358
1389943061812289538
1389942199807365121
1389943047882870788
1389942867154636806
1389942864742920195
1389942836397756417
1389942802101030918
1389942778294067209
1389942410143277057
1389942389003927556
1389942349682388998
1389942340043907075
1389942332854833160
1389942287719931911
1389942120648216579
1389941963781193731
1389941836349857797
1389941471898439692
1389941436783767557
1389941320702169088
1389941276049616905
1389941217757106176
1389941152137232387
1389941074131656710
1389941025221791749
1389941005173067778
1389940857294528513
1389940812562288642
1389940645419159557
1389940576536117253
1389940413511966722
1389940385905000449
1389940358490984455
1389940242631770112
1389940203054317573
1389940134116724736
1389940060875857922
1389940015275331584
1389939978319372292
1389939763705257988
1389939711423221761
1389939707098845184
1389939633568555009
1389939607685541889
1389939517616836612
1389939494279860224
1389939470078730241
1389939372951228418
1389939335403819013
1389939206122835970
1389939159264108551
1389939096999563264
1389939090649501698
1389939014854139909
1389938987050094596
1389938914849398784
1389903513942167555
1389938908163678209
1389938885761945604
1389938758963826692
1389938615875211268
1389938501387386883
1389938458337157126
1389938433548750851
1389938333963411465
1389938233484713991
1389938182406524930
1389938160965242885
1389938086163931140
1389938012033888265
1389937941062078464
1389937941049401344
1389937925719138306
1389937865711357952
1389937742830780419
1389937738703679488
1389937620587778048
1389937613763657741
1389937539046203394
1389937376806440962
1389937343398916097
1389937219784171522
1389937215485132802
1389937133436145664
1389937131464835074
1389931803553800193
1389937022735949828
1389936989944877058
1389936971393404929
1389936745744060416
1389936583764283393
1389936516881858561
1389936457025048582
1389936371285073929
1389936342432366592
1389936309951778819
1389936191462645763
1389935952169213955
1389935925073960964
1389935754021847040
1389935752436404227
1389935728428294148
1389935705976094723
1389935550812069895
1389935486316204037
1389935474857414656
1389935436135636994
1389935319940800515
1389935286298320900
1389935232892252163
1389935211509596161
1389935069335363587
1389935015904088065
1389934807757606912
1389934750085885955
1389934748437565440
1389934734525059076
1389934699779330049
1389934480518000647
1389934446531448833
1389934344685473797
1389934219992997888
1389934211382063107
1389934166582640643
1389934077327953921
1389933943953186816
1389933943332524032
1389933882678464512
1389933836709023749
1389933823039873024
1389933783072264200
1389933639723585542
1389933191469834244
1389933157256818688
1389933070137053188
1389933030962339844
1389932893569495041
1389932713407356934
1389932624198709249
1389932602468052993
1389932502148521988
1389932496960180229
1389932218559213573
1389932159268438017
1389932083296960513
1389932036366999553
1389931936815194121
1389931708561203206
1389931603468693506
1389931560430931968
1389931535046823936
1389931501169557507
1389931476964286467
1389931438984810500
1389931153004576769
1389931120553340929
1389931033873768448
1389930959601078272
1389930741887348737
1389930653521780737
1389930650740924417
1389930541466722307
1389930293591691267
1389930153564950534
1389930027546984448
1389930018491584512
1389930009725263874
1389929956793364481
1389929769123434498
1389929713750192132
1389929636163997696
1389929589493878786
1389929577158426626
1389908847087833093
1389914340338409472
1389916138142932993
1389912098021519366
1389926444546117637
1389916429760307205
1389929530043817988
1389910542303862786
1389929443347533829
1389929437580378115
1389929422019567616
1389929315165429762
1389929106653995013
1389922651943030784
1389928671843078152
1389919060603801601
1389928615534637056
1389928554935300098
1389928512438611970
1389928434948788229
1389928398529699842
1389928075190751236
1389927963114749955
1389927877584510982
1389927503704248322
1389927416420835329
1389927327065333765
1389927239387697157
1389927194055647234
1389927185818038275
1389927029164945409
1389926906544463872
1389926792321028101
1389926734074728451
1389926724188712960
1389926615765843969
1389926594744102912
1389926573017636870
1389926565799206916
1389917303224082438
1389917693961244677
1389916929897418752
1389915875235573762
1389926560493363203
1389915407444754432
1389926396823212044
1389926288765472771
1389926259858227201
1389926184482394116
1389926111283453952
1389926103230337025
1389926045160296449
1389926036444491777
1389925936112574464
1389925896690102275
1389925786094817280
1389925731195576320
1389925708915478531
1389925030134431744
1389924930263863296
1389924893807026179
1389924888778100738
1389924879433097221
1389924610846728198
1389924579167064064
1389924501270450179
1389924496405106689
1389924263679909894
1389924227025883138
1389924078346280961
1389923819603759104
1389923688963874818
1389923543656419331
1389923537129967616
1389923486009810946
1389923288650948613
1389923182790983683
1389923181495046147
1389923093821394944
1389922535861596160
1389922312821018626
1389922302310092801
1389921999183654917
1389921860587069441
1389920902809333767
1389921782166085635
1389921449595580418
1389921330816901120
1389921255302864896
1389921133307305988
1389921100734160896
1389921030953656325
1389921003019583490
1389920886204026880
1389920488537866240
1389920441939206146
1389920246501421060
1389919901503131652
1389919901410865154
1389919519037181958
1389919322777194497
1389919302334226436
1389919247615279108
1389919194721013764
1389919148646576131
1389919096565809155
1389919012407201795
1389918718516469762
1389918626992599042
1389918575520063489
1389918476538679296
1389918288990281738
1389918205599170563
1389917994457964546
1389917778056986625
1389917712135204867
1389917704098885635
1389917573626671104
1389917530261794817
1389917423541882884
1389916876621426688
1389916798745726985
1389916724389105665
1389916680575492104
1389916218564489224
1389916072401379328
1389916068366405632
1389915909079379973
1389915860408709124
1389915703151628288
1389915440026107904
1389915410204696576
1389915227446259713
1389915206470492161
1389914931315740672
1389914666969804800
1389914634099044354
1389914551899103233
1389914511591854080
1389914500007071751
1389914423335215108
1389914387671101445
1389914226186141696
1389914074000023552
1389913960359489541
1389913510335979523
1389913407797792768
1389913200045481987
1389912963725864965
1389912887754436608
1389912850731192327
1389912713569181698
1389912607755173891
1389912526150901766
1389912440863928320
1389912410086064128
1389912196482797570
1389912175481851907
1389912150483812363
1389912015716691976
1389911898875908100
1389911877015191552
1389911859873079296
1389911850381451266
1389911759981535234
1389911679480123393
1389911563507834884
1389911515793342468
1389911466313240578
1389911409773907970
1389911242576388104
1389911182618742784
1389910852481036290
1389910253920309253
1389910195258773515
1389909946028990467
1389909896582344712
1389909863317245955
1389909839908835335
1389909609872166913
1389909508491710465
1389909495367847938
1389909477818834945
1389909280032186368
1389909269991104514
1389909259895312385
1389909126080307201
1389902410517200896
1389908953409196033
1389908888443568134
1389908802108022784
1389906764200566795
1389908629432803336
1389908553696260096
1389908481998741506
1389908248812216322
1389908166687744002
1389908152531906564
1389907515618508806
1389907081428410368
1389906985785741316
1389906945767792642
1389906819590627329
1389906739810770946
1389906450634391552
1389906187433431040
1389906132781645828
1389905498925723652
1389905089167515650
1389904971676721157
1389904827564634116
1389904311996592129
1389903744985444353
1389902913443700740
1389902845231644675
1389902823895322624
1389902638209290241
1389902616012931076
1389902256783380481
1389901943045300224
1389901553952346116
1389198912003743745
1389901287328788482
1389901164989321218
1389901045816602627
1389900946092740608
1389900637211615233
1388476219113496578
1389900491375714304
1389900347020357634
1389900257438453763
1389900234063499264
1389900180506517505
1389899857708699648
1389899726263406592
1389899695921709056
1389899636761108484
1389899423451394049
1389898954943381507
1389898348652531713
1389898278955855873
1389897939791740930
1389897672174276609
1389897587520675841
1389896737934958596
1389896600160456705
1389896245708267520
1389895971862159360
1389895845949104133
1389895772011913219
1389895427177205769
1389895127414366208
1389893599702175745
1389893789666496514
1389893716052258818
1389893581041774593
1389892625243770881
1389892508335976448
1389892487112712192
1389892151044100097
1389739966704590848
1389892073877348359
1389891460309430273
1389891446342365184
1389890802747326465
1389356959946756104
1389890579342020608
1389890505962573825
1389890501189455875
1389890081452920835
1389889246845145091
1389889084588503042
1389887905032769538
1389887872082264064
1389887489373003781
1389887243544891394
1389886943421505536
1389886880620109824
1389886527237509121
1389886491221012486
1389885225262624772
1389884673338314756
1389884573056737283
1389884106339717121
1389884021275045889
1389883349800570881
1389882865261891584
1389882301828448256
1389880700170608643
1389879928032829442
1389879420303851524
1389878954463485952
1389877269041012747
1389876790080978944
1389872712559087616
1389671176260231171
1389689410006958081
1389870637540421633
1389869252375719938
1389868636442087424
1389867965613490185
1389866659150811140
1389866286319128577
1389864827925975040
1389156148742430721
1389864526934327297
1389863644897415170
1389861300046602240
1389858233590878218
1389857383980142592
1389856834954092547
1389851732591747074
1389849226885189632
1389849192177229824
1389430481536552963
1389844675163471872
1389837472226496512
1389837216327901186
1389831384563322884
1389827314377273347
1389823370515075080
1389823066428121088
1389822876686159872
1389820322757681154
1389819065863127042
1389815600466300928
1389813438189277184
1389809284955918338
1389809165187616768
1389808881002598400
1389807975104188419
1389807662167166989
1389807318435602434
1389807236587872259
1389807200986619904
1389805536884011009
1389804161487810560
1389804018294214657
1389803847594528769
1389803423361638405
1389803288267198465
1389802280682147849
1389801352101040130
1389800873187028994
1389800837514399744
1389800477890654212
1389799688270921728
1389799144571772928
1389798977835524098
1389798075879809025
1389797675692957696
1389797407932784641
1389797296192241670
1389796991228694529
1389796880792662020
1388274558478786561
1389796650940571654
1389796394584657920
1389795842391953410
1389795781146779648
1389795396034211845
1389794930097369088
1389794652778373121
1389793799182995463
1389793646510321664
1389793198361427968
1389792981671202817
1389792708978425859
1389792645183156224
1389791478248099845
1389789887742808065
1389788585331548163
1389775037109047296
1389788280791633924
1389787688950190082
1389787688295862272
1389787637750411264
1389786854405427201
1389786802886615042
1389786098193342466
1389785494305886208
1389784137926651907
1389783840730894336
1389783391764111360
1389781018459127814
1389779687224848386
1389778683855048705
1389778219226779650
1389777697409314816
1389777678744662019
1389777162144735235
1389774969903648769
1389763447395659783
1389774701644419072
1389772947775184897
1389772656837206016
1389691621797683207
1389305992299483138
1389771755846311936
1389770805060440066
1389771484294492160
1389764922947653633
1389770390893965315
1389699183767138305
1389769279927689219
1389769270155005955
1389768501431263233
1389768212506718210
1389767760863973381
1389766527327608836
1389766490107359238
1389766061243969536
1389765823334653960
1389616762094854151
1389765759790948354
1389764709541367808
1389764017162498049
1389763162350702592
1389597045250576384
1389762483771133955
1389762346076282884
1389759657938456577
1389759580704550916
1389759210888613894
1389759192295170049
1389758481243287556
1389756941220687876
1389756794302513152
1389752399926071298
1389752119377399815
1387807409972957185
1389752066000699393
1389615060948070405
1389750529371279361
1389750501391142916
1389750414745214979
1389748574569775115
1389746001901146116
1389744905443028995
1389744810710425600
1389744452336562178
1389744216729849856
1389743738486939653
1389743143399170048
1389743110423470085
1389741781387026433
1389741281430040577
1389741123250311168
1389740938747170819
1389740903393374210
1389740735067561984
1389739844155420678
1389739342940282882
1389739137851396097
1389737953669390338
1388988090249891860
1389736970063007747
1388338394422554625
1389735988394700804
1389735703563706373
1389735643744325632
1389735623108485122
1389735240642428930
1389735202008752129
1389735000745127941
1389734337785090048
1389733795046338565
1389733507291914240
1388619121596768262
1388619220200611841
1388277328900468746
1389733039618539521
1389731285103431681
1389730784307732480
1389730611691147267
1389730433391341570
1389729536032624642
1389729467858309127
1389729199016009731
1389729106955313167
1389728956564320259
1389728895579168773
1389728768697196546
1389728484659023875
1389727247184039937
1389727224224493572
1389726965247139846
1389390333914402816
1389258513743024134
1389233203328831496
1389726730298998784
1389726383841107970
1389726353650503682
1389725057304436740
1388508763661996032
1388486810200858624
1389722827272736772
1389722024625516550
1389721910204936192
1389720362879946754
1389720225239687172
1389720220336599044
1388212661217808389
1389720124446461957
1389719998114017285
1389719019457060870
1389718327929548803
1389718291426553857
1389717632094441475
1389717307325362177
1389717240103284736
1389716187181944832
1389716091748818946
1389715996089458691
1389715849389412352
1389715803226918915
1389715534145544194
1389715381317689344
1389715344915378176
1389713375148584963
1389713440558702592
1389713442009911300
1389713412691828737
1389711965824630785
1389711222598258688
1389711163831820291
1389710619209879555
1389710485575045120
1389708546363768837
1389708319317762052
1389707749420896257
1389707692663574535
1389707109617569798
1389705964266348545
1389705220305956865
1389704095540383744
1389703725749506055
1389703150232383491
1389702465772302336
1389702428308611072
1389702270489665537
1389700699181576193
1389700169730600963
1389698650838867968
1389697918731493379
1389697705228869634
1389696865340383232
1389696138731786240
1389693346671697922
1389694164984553475
1389694268709670919
1389694215257575425
1389693593816735744
1388552331415932929
1389693070661279749
1388909013828526083
1389692489167163392
1389691643301928968
1389689880213655554
1389689248069083140
1389685439037116420
1389683688619786240
1389683415037976576
1389682880801083394
1389682258743865345
1389682099129569281
1389681822523662337
1389679613769654277
1389678853740711937
1389322874104782849
1389678164662697990
1389677919291813901
1389676712250658818
1389635004058062848
1389675943560630274
1389674586665541640
1389673444858646529
1389672267479670787
1389670941215576075
1389670502348824578
1389667910612836357
1389664267922771973
1389664241788014600
1389664191108325380
1388142561500487682
1389661331578572800
1389659053429690368
1389659004218060810
1389658517481693188
1389657352329117698
1389656261143121926
1389656155643944961
1389655054764892162
1389654802364354560
1389653813276119044
1389651959272062983
1389651304281169928
1389651231614902278
1389650734849970180
1389650034019475459
1389323967392006147
1389649723934584834
1389649257301487620
1389244359980195841
1388239303688560641
1388132951569928199
1388892597037539338
1389648906712064003
1387776971317420037
1389648843520806914
1389648454142599172
1389648217290248206
1389647692704501769
1389647672076906500
1389647517529280514
1389646693788966918
1389644637426622466
1389642893120376833
1389642831350964226
1389642642422697994
1389642020487057412
1389641190807678978
1389636240404885509
1389640864146857989
1389640497036136458
1389640197600686084
1389637842482106370
1389637586801528836
1389637191706501121
1389636139879907336
1389635605546606592
1389634796117168134
1389633163153006594
1389632495042322441
1389632002194874369
1389631090571333633
1389302090896486403
1389630503221932039
1389630401803702281
1389628582482399241
1389556768221581313
1389627183744880643
1389626568138543105
1389625441682608134
1389625218101039106
1389624024754311168
1389623341443698692
1389621856542597121
1389329364643422219
1389620872412073986
1389620374908903424
1389619884921925634
1389619179716743173
1389618800824406023
1389618267233325056
1389617793662914566
1388521646550618121
1389613820486852609
1389613209250893824
1389613174056439808
1389612745021173763
1389612700687273986
1389611379947188229
1389610484127698946
1389610353617776646
1389609714351288321
1389607717988352000
1389607357315960834
1389606454844395522
1389606197519687687
1389605808632176645
1389605399603695620
1389605398848679943
1389605172532457476
1389604883255513092
1389603916187377672
1389602285123211266
1389601182197370882
1389600447305031680
1388896895490269185
1389339996767899651
1387768045465182216
1389599390420119554
1389341507040292864
1388542852733493248
1389598922969071618
1389598277029539842
1389596822272888832
1389595536806842369
1389594491003277315
1389592565477937156
1389591588800765955
1389588693741096963
1389588225962958849
1389225800000540674
1389587829022511104
1389584864387686405
1389583792222900224
1389582355908763650
1389581645590761475
1389580033925296128
1389576490740822019
1389575788241039367
1389573870449999875
1389573170240397318
1389570371985215488
1389569270900723714
1389568705227599878
1389568638299119618
1389567453827633154
1388222764130181130
1389566462692560897
1389565683063836685
1389372492700061698
1389563769009983493
1389561868902096898
1389561409848188935
1389561081077567489
1389560929654878213
1389560330334973952
1389554264545038337
1389551249717186564
1389545174724980742
1389544141743435791
1389542698496020483
1389542303786807297
1389541712859701249
1389540756973576193
1389538974612529152
1389527698117115906
1389523834068475905
1389522972789153795
1389487369724829696
1389471359496040451
1389457659976458242
1389457477855596549
1389454074450485249
1389443837400080384
1389441800394395650
1389441064382181380
1389440494825099272
1389439932620591106
1389433671812329476
1389431453931409411
1389431413804437505
1389429599071883269
1389425920159752192
1387801401519181828
1389422190211313665
1389419279767031811
1389418647890837512
1389237404180127750
1389241233051095042
1389416773993340930
1389413276682006530
1389411852023705600
1389408425398910980
1389408017536454657
1389405242610049028
1389405077203521537
1389404756955869187
1389403960453259268
1389396250617958401
1389392498817130502
1389389930409910277
1389389725715374081
1389348186406506496
1389388432368148481
1389364345235181573
1389379855314194434
1389379214760157184
1389378029156175873
1389377696623366144
1389376522096676867
1389376215367274496
1389374775366242311
1389374502937714690
1389372610413219843
1389372504276353024
1389371708830801924
1389368010822012930
1389363509197168641
1389360934871785472
1389357901639294976
1389355556230635523
1389350775009300481
1389348156987658240
1389344221430177792
1389343757041012736
1389343477817876480
1389343466631671809
1389342374514597889
1389341750980980751
1389339555904598025
1389339099606233090
1389334388475838467
1389330746301579265
1389329542968483841
1389329107016691716
1389328787612000259
1389327656945176578
1389327553299681287
1389325933803409409
1389322135605235714
1389320776667570182
1389319920014536711
1389319419428548617
1389319249924079622
1389318328360083457
1389003987492478976
1389313967877763083
1389309622713004034
1389309519491174405
1389308605053251587
1389306047169536000
1389304670733012992
1389303931201900549
1389302856105304066
1389297304214065157
1389296327268478981
1389295325622456328
1389294559679729665
1389294069696897026
1389291150750662670
1389239544113926154
1389283120176898051
1389281307734290435
1389280195845099520
1387867516186337281
1389280010964451333
1389276695551627267
1389276129752649732
1389276087583129604
1389275339558461447
1389273876362895368
1389271988456280068
1389266260752486402
1389264987798056961
1389219961495822336
1389261531079057409
1389257635657093121
1389257620721131533
1389257303946317836
1389256401638371331
1389255839303806982
1389254871384313862
1389250964889214988
1389249247715995657
1389248437770768388
1389247529871712261
1389246537771933701
1389246161605693443
1389243813663813632
1389240981942382604
1389236301459689473
1389235839255912452
1389230003108425734
1389226497500753920
1389226435592826880
1389223167181328387
1389222621204594691
1389220544965484547
1389216262866313217
1388916871207038980
1389212154033844224
1389210614438957058
1389210134761639940
1389209530077167619
1389206404603461635
1389205938981195782
1389202230218301441
1389201318980456456
1389161333707481089
1389142461797257216
1389107316281249796
1389082637034270723
1389062738643664896
1389057487094038529
1389057150035664897
1389050673371701254
1389047058187837442
1389034622365970433
1389034195104657416
1389034023587041281
1389028663052668928
1389028174328176640
1389023902618300418
1388402605089509377
1389022971822477316
1389021993069076484
1389015002032521218
1389013863509725186
1389006027991945220
1389004804886827009
1388999690692202498
1388997352590036992
1388996297542225925
1388995710339670018
1388992804785999877
1388992303432445953
1388991870299250690
1388986829702115328
1388985529904074758
1388983427685392386
1388981152069963776
1388976785975545864
1388973443987775488
1388966079054192651
1388965437023662082
1388965130449428483
1388958968941322251
1388957436325900297
1388146897425256448
1388950907581239297
1388946858765135875
1388908236275859466
1388930159336726530
1388636435553599489
1388918511964200962
1388905277169221632
1388905216146382849
1388895764420734982
1388892136817446918
1388887228949176321
1388881250018988034
1388872291438759937
1388868322352041985
1388867410808250369
1388866123840598019
1388856816550006788
1388855676001267712
1388854012829519873
1388853703826972692
1388291837954338824
1388843943673180168
1388842826692186114
1388832246216470529
1388825137173106688
1388821786096283651
1388816800842924035
1388732722726805504
1388714342200262657
1388705717448761347
1388704761361408003
1388694791945347077
1388689615838617601
1388678248142413824
1388672281715617799
1388671914718203907
1388671367801942020
1388668791912083457
1388665490835447812
1388659167024517120
1388649569303597063
1388637383546048519
1388620645597073410
1388614034791018499
1388608509957353478
1388604212586614786
1388600838394945543
1388585804163858433
1388578308158369796
1388574301540999169
1388570200640049152
1388570090447245322
1388568909201252352
1388565501182418947
1388563933280317441
1388562912298606599
1388560699652149248
1388559802868117509
1388557295026642950
1388555087044390916
1388548869643022351
1388537908806651907
1388529729494519813
1388527409788592128
1388519985501327361
1388517505719803908
1388517471670489088
1388517175577743360
1388516553994510338
1388506682888699905
1388503497755213824
1388500066487447554
1388497455759642625
1388493096913186820
1388486346151325696
1388492557101854725
1388486283765428225
1388474392368361475
1388429243705614340
1388379924633894912
1388345967326474241
1388305517206982660
1388298461565566977
1388296077208690692
1388295190931247107
1388291728499744772
1388269523577548808
1388146804047372291
1388257700505608192
1388251745927708675
1388217487909703680
1388206606316359683
1388205085147213832
1388201307366989830
1388200157171310597
1388192762034536454
1388189700775718912
1388180336157380609
1388178057228390405
1388177486597525507
1388175857127247872
1388174520167567361
1388174355650203652
1388154184567042048
1388150697422688257
1388148741635510274
1388148645455880195
1388146660501594113
1388118753569878019
1388139491043520513
1388130835937873931
1388120092316246022
1388094773505011712
1388059812211183618
1387978909250117641
1387971231744499716
1387958797235335189
1387924023728820224
1387894563994537985
1387892182929997824
1387879080033505289
1387875742994898946
1387857291173580801
1387855125415448576
1387853087545741312
1387837492762664967
1387836142867845123
1387831327538483207
1387828457757884423
1387827300054585347
1387822245502988291
1387817657144066049
1387810598906433540
1387797040168570880
1387792743699783686
1387760106822119431
1387749112913743872
1387748282324160514
1387741377023328256
1387726927172186114
